tensor([[[ 1.8440,  1.8440,  1.8440,  ...,  1.8440,  1.8440,  1.8440],
         [ 1.8440,  1.8293,  1.8440,  ...,  1.8440,  1.8293,  1.8440],
         [ 1.8440,  1.8440,  1.8440,  ...,  1.8440,  1.8440,  1.8440],
         ...,
         [-0.0779, -0.1219, -1.0609,  ...,  1.3599,  1.1545,  1.3158],
         [ 0.1862,  0.5383,  0.1128,  ...,  1.2131,  1.0958,  1.1251],
         [ 0.8610,  0.8024,  0.7290,  ...,  1.0224,  1.1104,  1.1104]],

        [[ 2.0027,  2.0027,  2.0027,  ...,  2.0027,  2.0027,  2.0027],
         [ 2.0027,  1.9874,  2.0027,  ...,  2.0027,  1.9874,  2.0027],
         [ 2.0027,  2.0027,  2.0027,  ...,  2.0027,  2.0027,  2.0027],
         ...,
         [ 0.3509,  0.1827, -0.6891,  ...,  1.7427,  1.5592,  1.6357],
         [ 0.6874,  0.9321,  0.6721,  ...,  1.2227,  1.0545,  1.0545],
         [ 1.6662,  1.6510,  1.6357,  ...,  1.1156,  1.1156,  1.1156]],

        [[ 2.0243,  2.0243,  2.0243,  ...,  2.0243,  2.0243,  2.0243],
         [ 2.0243,  2.0101,  2.0243,  ...,  2.0243,  2.0101,  2.0243],
         [ 2.0243,  2.0243,  2.0243,  ...,  2.0243,  2.0243,  2.0243],
         ...,
         [ 0.0365, -0.0345, -0.7870,  ...,  1.4563,  1.3285,  1.4705],
         [ 0.2495,  0.5476,  0.2921,  ...,  1.4563,  1.3569,  1.3427],
         [ 0.8742,  0.8032,  0.7322,  ...,  1.2717,  1.3285,  1.3143]]])
tensor([[[ 1.8440,  1.8440,  1.8440,  ...,  1.8440,  1.8440,  1.8440],
         [ 1.8440,  1.8293,  1.8440,  ...,  1.8440,  1.8293,  1.8440],
         [ 1.8440,  1.8440,  1.8440,  ...,  1.8440,  1.8440,  1.8440],
         ...,
         [-0.0779, -0.1219, -1.0609,  ...,  1.3599,  1.1545,  1.3158],
         [ 0.1862,  0.5383,  0.1128,  ...,  1.2131,  1.0958,  1.1251],
         [ 0.8610,  0.8024,  0.7290,  ...,  1.0224,  1.1104,  1.1104]],

        [[ 2.0027,  2.0027,  2.0027,  ...,  2.0027,  2.0027,  2.0027],
         [ 2.0027,  1.9874,  2.0027,  ...,  2.0027,  1.9874,  2.0027],
         [ 2.0027,  2.0027,  2.0027,  ...,  2.0027,  2.0027,  2.0027],
         ...,
         [ 0.3509,  0.1827, -0.6891,  ...,  1.7427,  1.5592,  1.6357],
         [ 0.6874,  0.9321,  0.6721,  ...,  1.2227,  1.0545,  1.0545],
         [ 1.6662,  1.6510,  1.6357,  ...,  1.1156,  1.1156,  1.1156]],

        [[ 2.0243,  2.0243,  2.0243,  ...,  2.0243,  2.0243,  2.0243],
         [ 2.0243,  2.0101,  2.0243,  ...,  2.0243,  2.0101,  2.0243],
         [ 2.0243,  2.0243,  2.0243,  ...,  2.0243,  2.0243,  2.0243],
         ...,
         [ 0.0365, -0.0345, -0.7870,  ...,  1.4563,  1.3285,  1.4705],
         [ 0.2495,  0.5476,  0.2921,  ...,  1.4563,  1.3569,  1.3427],
         [ 0.8742,  0.8032,  0.7322,  ...,  1.2717,  1.3285,  1.3143]]])
